10
1 6 6
6 1 12
2 7 6
7 2 6
1 9 6
9 1 12
4 9 3
9 4 9
8 9 6
9 8 6
7 9 9
9 7 3
1 10 12
10 1 6
4 10 6
10 4 9
8 10 9
10 8 9
2 9 6
9 2 6
7 10 6
10 7 9
1 3 6
3 1 3
2 10 6
10 2 12
3 4 12
4 3 9
3 8 12
8 3 3
9 10 6
10 9 9
2 3 9
3 2 6
3 7 12
7 3 6
5 8 9
8 5 9
2 6 6
6 2 12
5 7 6
7 5 6
6 7 6
7 6 6
1 2 9
2 1 9
3 9 9
9 3 9
1 7 6
7 1 9
3 5 6
5 3 12
3 10 6
10 3 12
5 9 3
9 5 9
6 9 6
9 6 3
5 10 9
10 5 6
3 6 12
6 3 3
6 10 6
10 6 6
1 4 12
4 1 6
1 8 9
8 1 6
1 5 12
5 1 9
4 8 6
8 4 12
7 8 9
8 7 6
4 7 6
7 4 6
2 4 6
4 2 9
2 8 9
8 2 9
2 5 12
5 2 6
