20
1 6 3
6 1 6
5 14 3
14 5 3
2 7 3
7 2 6
3 15 3
15 3 6
6 14 3
14 6 3
11 14 6
14 11 3
10 13 6
13 10 3
1 11 3
11 1 6
5 13 6
13 5 6
2 12 3
12 2 3
1 9 3
9 1 6
4 9 3
9 4 3
11 13 3
13 11 6
8 9 9
9 8 6
7 9 6
9 7 3
1 10 3
10 1 6
4 10 6
10 4 3
3 14 9
14 3 3
13 15 6
15 13 6
8 10 3
10 8 6
2 9 3
9 2 3
7 10 3
10 7 3
1 3 6
3 1 6
3 13 6
13 3 6
1 15 3
15 1 6
2 10 3
10 2 9
3 4 3
4 3 9
12 13 3
13 12 6
3 8 3
8 3 3
16 6 6
6 16 3
13 14 6
14 13 3
4 11 3
11 4 3
9 10 6
10 9 3
2 3 6
3 2 3
3 7 6
7 3 6
6 13 3
13 6 9
8 11 6
11 8 3
2 15 3
15 2 3
7 11 3
11 7 6
16 11 6
11 16 6
5 8 6
8 5 3
2 6 6
6 2 6
3 12 3
12 3 9
1 14 3
14 1 6
5 7 3
7 5 9
9 15 6
15 9 6
2 11 3
11 2 6
1 13 6
13 1 3
16 14 3
14 16 3
6 7 3
7 6 6
1 2 6
2 1 3
9 11 6
11 9 3
10 15 6
15 10 3
2 14 3
14 2 9
3 9 9
9 3 6
4 15 3
15 4 3
8 15 6
15 8 3
7 15 3
15 7 3
1 7 3
7 1 3
3 5 3
5 3 3
10 11 3
11 10 6
9 14 3
14 9 6
3 10 3
10 3 3
5 9 3
9 5 3
1 12 3
12 1 9
6 9 3
9 6 3
10 14 3
14 10 6
4 14 3
14 4 6
5 10 3
10 5 3
8 14 3
14 8 9
3 6 9
6 3 3
7 14 6
14 7 6
6 10 9
10 6 3
4 13 3
13 4 6
8 13 6
13 8 6
12 15 6
15 12 6
1 4 6
4 1 6
3 11 3
11 3 9
7 13 6
13 7 3
1 8 3
8 1 6
5 15 3
15 5 3
1 5 6
5 1 3
4 8 6
8 4 3
6 15 6
15 6 3
16 4 9
4 16 3
11 15 3
15 11 3
7 8 6
8 7 3
2 13 3
13 2 3
5 11 9
11 5 3
16 5 3
5 16 6
4 7 3
7 4 6
6 11 3
11 6 6
2 4 6
4 2 6
2 8 6
8 2 3
9 13 6
13 9 3
14 15 6
15 14 6
2 5 6
5 2 3
