20
1 2 5.000000 192
2 1 5.000000 192
2 3 2.000000 192
3 2 2.000000 192
3 4 2.000000 48
4 3 2.000000 96
4 5 3.000000 192
5 4 3.000000 192
5 6 4.000000 192
6 5 4.000000 192
6 7 2.000000 192
7 6 2.000000 96
7 8 3.000000 192
8 7 3.000000 192
8 6 4.000000 192
6 8 4.000000 96
8 9 2.000000 192
9 8 2.000000 192
9 10 2.000000 96
10 9 2.000000 192
10 11 3.000000 192
11 10 3.000000 192
11 12 2.000000 96
12 11 2.000000 192
11 13 3.000000 192
13 11 3.000000 192
12 8 3.000000 192
12 9 3.000000 192
9 12 3.000000 192
12 14 2.000000 96
14 12 2.000000 192
13 14 3.000000 192
14 13 3.000000 192
13 15 1.000000 192
15 13 1.000000 192
15 16 2.000000 48
16 15 2.000000 192
16 17 3.000000 192
17 16 3.000000 96
17 14 3.000000 192
14 17 3.000000 192
17 7 7.000000 192
7 17 7.000000 96
14 5 5.000000 192
5 14 5.000000 192
17 18 3.000000 192
18 17 3.000000 192
18 5 3.000000 192
5 18 3.000000 192
19 18 2.000000 96
19 5 5.000000 96
5 19 5.000000 192
19 20 3.000000 192
20 19 3.000000 192
20 4 5.000000 96
4 20 5.000000 192
20 1 4.000000 192
1 20 4.000000 192
