75
58 64 505.7 384
64 58 505.7 384
39 50 145.6 384
50 39 145.6 384
8 42 97.3 384
42 8 97.3 768
31 5 339.8 384
5 31 339.8 384
63 65 428.1 768
65 63 428.1 768
9 64 286.4 384
64 9 286.4 384
28 63 307.2 768
63 28 307.2 768
4 40 42.5 384
40 4 42.5 384
20 21 297.9 768
21 20 297.9 768
44 9 283.9 384
9 44 283.9 384
26 46 571.9 768
46 26 571.9 384
20 23 159.4 384
23 20 159.4 192
16 45 255.9 768
45 16 255.9 384
21 69 708.8 384
69 21 708.8 384
18 67 955.5 768
67 18 955.5 384
5 63 232.4 384
63 5 232.4 192
22 60 584.6 384
60 22 584.6 384
10 72 289.3 384
72 10 289.3 384
33 46 157.6 384
46 33 157.6 384
7 54 404.0 384
54 7 404.0 384
66 67 204.9 768
67 66 204.9 384
7 9 300.2 384
9 7 300.2 768
27 12 92.9 384
12 27 92.9 384
19 23 48.0 768
23 19 48.0 384
1 24 357.9 384
24 1 357.9 384
56 13 120.3 192
13 56 120.3 384
6 35 91.4 768
35 6 91.4 384
4 70 5.2 384
70 4 5.2 384
3 25 50.5 768
25 3 50.5 384
19 24 105.0 384
24 19 105.0 384
45 15 463.1 384
15 45 463.1 384
6 7 19.1 384
7 6 19.1 384
29 30 242.9 384
30 29 242.9 384
73 74 275.0 384
74 73 275.0 384
50 52 149.0 384
52 50 149.0 384
1 18 127.8 768
18 1 127.8 384
15 67 38.5 768
67 15 38.5 384
34 35 158.2 384
35 34 158.2 192
6 75 97.0 384
75 6 97.0 384
4 72 122.2 768
72 4 122.2 384
26 48 397.7 384
48 26 397.7 384
44 59 258.6 384
59 44 258.6 384
41 70 55.5 384
70 41 55.5 768
41 12 204.6 384
12 41 204.6 768
38 39 22.5 384
39 38 22.5 768
11 61 174.8 384
61 11 174.8 384
37 68 382.0 384
68 37 382.0 384
43 46 353.1 384
46 43 353.1 192
5 10 271.6 384
10 5 271.6 384
61 14 110.7 384
14 61 110.7 384
35 42 131.4 384
42 35 131.4 768
34 9 276.1 384
9 34 276.1 768
31 37 209.5 384
37 31 209.5 384
6 12 853.0 768
12 6 853.0 384
29 32 240.2 384
32 29 240.2 384
11 53 35.7 768
53 11 35.7 384
34 13 118.8 384
13 34 118.8 384
33 7 352.1 384
7 33 352.1 384
28 30 148.5 384
30 28 148.5 384
27 38 135.4 384
38 27 135.4 384
51 55 206.5 768
55 51 206.5 384
40 71 203.7 384
71 40 203.7 384
22 3 88.7 384
3 22 88.7 384
56 62 194.1 384
62 56 194.1 384
54 55 36.1 384
55 54 36.1 384
31 32 404.9 384
32 31 404.9 384
21 3 8.4 384
3 21 8.4 384
61 62 196.8 384
62 61 196.8 768
44 46 199.7 384
46 44 199.7 384
40 14 106.0 192
14 40 106.0 192
17 49 249.1 384
49 17 249.1 384
8 57 63.5 384
57 8 63.5 384
2 49 273.2 384
49 2 273.2 384
17 1 161.7 384
1 17 161.7 384
55 57 115.4 384
57 55 115.4 768
41 56 395.4 384
56 41 395.4 384
66 68 176.7 384
68 66 176.7 768
2 25 369.1 384
25 2 369.1 384
17 48 335.2 384
48 17 335.2 384
50 53 134.6 768
53 50 134.6 384
47 12 59.0 384
12 47 59.0 768
36 13 106.6 384
13 36 106.6 384
2 24 132.8 384
24 2 132.8 384
69 73 656.7 192
73 69 656.7 384
60 74 175.5 384
74 60 175.5 384
11 12 10.7 384
12 11 10.7 384
43 75 357.1 384
75 43 357.1 384
40 41 21.5 384
41 40 21.5 384
47 14 39.1 384
14 47 39.1 384
15 68 269.1 384
68 15 269.1 384
64 65 235.9 768
65 64 235.9 384
48 58 618.6 384
58 48 618.6 384
51 52 166.0 384
52 51 166.0 384
45 64 233.8 768
64 45 233.8 384
59 15 280.0 384
15 59 280.0 384
16 5 168.6 384
5 16 168.6 384
63 71 398.3 768
71 63 398.3 384
36 65 184.0 384
65 36 184.0 384
26 69 443.7 384
69 26 443.7 384
54 62 109.5 384
62 54 109.5 384
54 62 109.5 384
62 54 109.5 384
